16.6-22.8 
[3.82128578e-05 1.23036837e-05 6.58296350e-06 5.35073678e-06]
4

22-24 empty

24.7,26.7,28.8,31.1,33.5,36.1,38.9, 41.9
[7.44026442e-06 9.51541480e-06 1.10993086e-05 1.52578572e-05
 1.71847003e-05 2.54861045e-05 3.00989192e-05]
7

41-45 empty

45-147
[4.81323856e-05 5.69708300e-05 7.41997549e-05 9.13953935e-05
 1.09173096e-04 1.41529272e-04 1.78648385e-04 2.38523699e-04
 3.27043753e-04 5.54276737e-04 9.15862001e-04 1.47305821e-03]
12

147-525
[0.00245959 0.00411848 0.00666851 0.01125786 0.02329165]
5

#######################################
chargeconfused_MCB1042:
16.6-22.8:
371
337
336
360

22.8-24.7 empty

24.7-41.9:
521
592
631
746
744
979
1011

41.9-45.1 empty

45.1-80.5:
1237
1307
1476
1609
1700
1976
2161
2575

80.5-525:
5843, 
7984, 
9951, 
13566, 
18153, 
23759, 
25410, 
47545, 
86928

chargecorrect_MCB1042:

16.6-22.8:
9708774,
27390171,
51040842,
67280454,

22.8--24.7 empty

24.7-41.9:
70024393
62214839
56850388
48892842
43294325
38413089
33589246

41.9-45.1 empty

45.1-525
25699952, 22941565, 19892249, 17604826, 15571602, 13961776, 12096387, 10795573, 17866111, 14404357, 10865174, 9209412, 7380493, 5768877, 3810445, 4223271, 3732153













