147
4469
1197313
175
4905
930211
211
5066
614647
250
9397
683018
330
16391
610281



80.5
5572
2961983
93.0
4624
2367438
108.0
3988
1780154
125.0
3950
1500592


45.1
9499
4390315
48.5
8191
3914499
52.2
6948
3371697
56.1
5806
2981230
60.3
5156
2617271
64.8
4420
2336264
69.7
3828
2033498
74.9
3363
1790328


24.7
37943
13337883
26.7
30757
11371009
28.8
26347
10122669
31.1
21496
8579715
33.5
18490
7586163
36.1
15720
6639325
38.9
13097
5816242

16.6
96808
26504415
18.0
79871
23215605
19.5
66036
20143895
21.1
54250
17367055


###############################################
ISSnegative:
16.6-22.8:
96808
79871
66036
54250
24.7-41.9:
37943
30757
26347
21496
18490
15720
13097
45.1-80.5:
9499
8191
6948
5806
5156
4420
3828
3363
80.5-525:
5572
4624
3988
3950
4469
4905
5066
9397
16391

ISSpositive:
16.6-22.8:
26504415
23215605
20143895
17367055
24.7-41.9:
13337883
11371009
10122669
8579715
7586163
6639325
5816242
45.1-80.5:
4390315
3914499
3371697
2981230
2617271
2336264
2033498
1790328
80.5-525:
2961983
2367438
1780154
1500592
1197313
930211
614647
683018
610281






